  3800.0   0.0  
  3805.0   0.0  
  3810.0   0.0  
  3815.0   0.0  
  3820.0   0.0  
  3825.0   0.0  
  3830.0   0.0  
  3835.0   0.0  
  3840.0   0.0  
  3845.0   0.0  
  3850.0   0.0  
  3855.0   0.0  
  3860.0   0.0  
  3865.0   0.0  
  3870.0   0.0  
  3875.0   0.0  
  3880.0   0.0  
  3885.0   0.0  
  3890.0   0.0  
  3895.0   0.0  
  3900.0   0.0  
  3905.0   0.0  
  3910.0   0.0  
  3915.0   0.0  
  3920.0   0.0  
  3925.0   0.0  
  3930.0   0.0  
  3935.0   0.0  
  3940.0   0.0  
  3945.0   0.0  
  3950.0   0.0  
  3955.0   0.0  
  3960.0   0.0  
  3965.0   0.0  
  3970.0   0.0  
  3975.0   0.0  
  3980.0   0.0  
  3985.0   0.0  
  3990.0   0.0  
  3995.0   0.0  
  4000.0   0.0  
  4005.0   0.0  
  4010.0   0.0  
  4015.0   0.0  
  4020.0   0.0  
  4025.0   0.0  
  4030.0   0.0  
  4035.0   0.0  
  4040.0   0.0  
  4045.0   0.0  
  4050.0   0.0  
  4055.0   0.0  
  4060.0   0.0  
  4065.0   0.0  
  4070.0   0.0  
  4075.0   0.0  
  4080.0   0.0  
  4085.0   0.0  
  4090.0   0.0  
  4095.0   0.0  
  4100.0   0.0  
  4105.0   0.0  
  4110.0   0.0  
  4115.0   0.0  
  4120.0   0.0  
  4125.0   0.0  
  4130.0   0.0  
  4135.0   0.0  
  4140.0   0.0  
  4145.0   0.0  
  4150.0   0.0  
  4155.0   0.0  
  4160.0   0.0  
  4165.0   0.0  
  4170.0   0.0  
  4175.0   0.0  
  4180.0   0.0  
  4185.0   0.0  
  4190.0   0.0  
  4195.0   0.0  
  4200.0   0.0  
  4205.0   0.0  
  4210.0   0.0  
  4215.0   0.0  
  4220.0   0.0  
  4225.0   0.0  
  4230.0   0.0  
  4235.0   0.0  
  4240.0   0.0  
  4245.0   0.0  
  4250.0   0.0  
  4255.0   0.0  
  4260.0   0.0  
  4265.0   0.0  
  4270.0   0.0  
  4275.0   0.0  
  4280.0   0.0  
  4285.0   0.0  
  4290.0   0.0  
  4295.0   0.0  
  4300.0   0.0  
  4305.0   0.0  
  4310.0   0.0  
  4315.0   0.0  
  4320.0   0.0  
  4325.0   0.0  
  4330.0   0.0  
  4335.0   0.0  
  4340.0   0.0  
  4345.0   0.0  
  4350.0   0.0  
  4355.0   0.0  
  4360.0   0.0  
  4365.0   0.0  
  4370.0   0.0  
  4375.0   0.0  
  4380.0   0.0  
  4385.0   0.0  
  4390.0   0.0  
  4395.0   0.0  
  4400.0   0.0  
  4405.0   0.0  
  4410.0   0.0  
  4415.0   0.0  
  4420.0   0.0  
  4425.0   0.0  
  4430.0   0.0  
  4435.0   0.0  
  4440.0   0.0  
  4445.0   0.0  
  4450.0   0.0  
  4455.0   0.0  
  4460.0   0.0  
  4465.0   0.0  
  4470.0   0.0  
  4475.0   0.0  
  4480.0   0.0  
  4485.0   0.0  
  4490.0   0.0  
  4495.0   0.0  
  4500.0   0.0  
  4505.0   0.0  
  4510.0   0.0  
  4515.0   0.0  
  4520.0   0.0  
  4525.0   0.0  
  4530.0   0.0  
  4535.0   0.0  
  4540.0   0.0  
  4545.0   0.0  
  4550.0   0.0  
  4555.0   0.0  
  4560.0   0.0  
  4565.0   0.0  
  4570.0   0.0  
  4575.0   0.0  
  4580.0   0.0  
  4585.0   0.0  
  4590.0   0.0  
  4595.0   0.0  
  4600.0   0.0  
  4605.0   0.0  
  4610.0   0.0  
  4615.0   0.0  
  4620.0   0.0  
  4625.0   0.0  
  4630.0   0.0  
  4635.0   0.0  
  4640.0   0.0  
  4645.0   0.0  
  4650.0   0.0  
  4655.0   0.0  
  4660.0   0.0  
  4665.0   0.0  
  4670.0   0.0  
  4675.0   0.0  
  4680.0   0.0  
  4685.0   0.0  
  4690.0   0.0  
  4695.0   0.0  
  4700.0   0.0  
  4705.0   0.0  
  4710.0   0.0  
  4715.0   0.0  
  4720.0   0.0  
  4725.0   0.0  
  4730.0   0.0  
  4735.0   0.0  
  4740.0   0.0  
  4745.0   0.0  
  4750.0   0.0  
  4755.0   0.0  
  4760.0   0.0  
  4765.0   0.0  
  4770.0   0.0  
  4775.0   0.0  
  4780.0   0.0  
  4785.0   0.0  
  4790.0   0.0  
  4795.0   0.0  
  4800.0   0.0  
  4805.0   0.0  
  4810.0   0.0  
  4815.0   0.0  
  4820.0   0.0  
  4825.0   0.0  
  4830.0   0.0  
  4835.0   0.0  
  4840.0   0.0  
  4845.0   0.0  
  4850.0   0.0  
  4855.0   0.0  
  4860.0   0.0  
  4865.0   0.0  
  4870.0   0.0  
  4875.0   0.0  
  4880.0   0.0  
  4885.0   0.0  
  4890.0   0.0  
  4895.0   0.0  
  4900.0   0.0  
  4905.0   0.0  
  4910.0   0.0  
  4915.0   0.0  
  4920.0   0.0  
  4925.0   0.0  
  4930.0   0.0  
  4935.0   0.0  
  4940.0   0.0  
  4945.0   0.0  
  4950.0   0.0  
  4955.0   0.0  
  4960.0   0.0  
  4965.0   0.0  
  4970.0   0.0  
  4975.0   0.0  
  4980.0   0.0  
  4985.0   0.0  
  4990.0   0.0  
  4995.0   0.0  
  5000.0   0.0  
  5005.0   0.0  
  5010.0   0.0  
  5015.0   0.0  
  5020.0   0.0  
  5025.0   0.0  
  5030.0   0.0  
  5035.0   0.0  
  5040.0   0.0  
  5045.0   0.0  
  5050.0   0.0  
  5055.0   0.0  
  5060.0   0.0  
  5065.0   0.0  
  5070.0   0.0  
  5075.0   0.0  
  5080.0   0.0  
  5085.0   0.0  
  5090.0   0.0  
  5095.0   0.0  
  5100.0   0.0  
  5105.0   0.0  
  5110.0   0.0  
  5115.0   0.0  
  5120.0   0.0  
  5125.0   0.0  
  5130.0   0.0  
  5135.0   0.0  
  5140.0   0.0  
  5145.0   0.0  
  5150.0   0.0  
  5155.0   0.0  
  5160.0   0.0  
  5165.0   0.0  
  5170.0   0.0  
  5175.0   0.0  
  5180.0   0.0  
  5185.0   0.0  
  5190.0   0.0  
  5195.0   0.0  
  5200.0   0.0  
  5205.0   0.0  
  5210.0   0.0  
  5215.0   0.0  
  5220.0   0.0  
  5225.0   0.0  
  5230.0   0.0  
  5235.0   0.0  
  5240.0   0.0  
  5245.0   0.0  
  5250.0   0.0  
  5255.0   0.0  
  5260.0   0.0  
  5265.0   0.0  
  5270.0   0.0  
  5275.0   0.0  
  5280.0   0.0  
  5285.0   0.0  
  5290.0   0.0  
  5295.0   0.0  
  5300.0   0.0  
  5305.0   0.0  
  5310.0   0.0  
  5315.0   0.0  
  5320.0   0.0  
  5325.0   0.0  
  5330.0   0.0  
  5335.0   0.0  
  5340.0   0.0  
  5345.0   0.0  
  5350.0   0.0  
  5355.0   0.0  
  5360.0   0.0  
  5365.0   0.0  
  5370.0   0.0  
  5375.0   0.0  
  5380.0   0.0  
  5385.0   0.0  
  5390.0   0.0  
  5395.0   0.0  
  5400.0   0.0  
  5405.0   0.0  
  5410.0   0.0  
  5415.0   0.0  
  5420.0   0.0  
  5425.0   0.0  
  5430.0   0.0  
  5435.0   0.0  
  5440.0   0.0  
  5445.0   0.0  
  5450.0   0.0  
  5455.0   0.0  
  5460.0   0.0  
  5465.0   0.0  
  5470.0   0.0  
  5475.0   0.0  
  5480.0   0.0  
  5485.0   0.0  
  5490.0   0.0  
  5495.0   0.0  
  5500.0   0.0  
  5505.0   0.0  
  5510.0   0.0  
  5515.0   0.0  
  5520.0   0.0  
  5525.0   0.0  
  5530.0   0.0  
  5535.0   0.0  
  5540.0   0.0  
  5545.0   0.0  
  5550.0   0.0  
  5555.0   0.0  
  5560.0   0.0  
  5565.0   0.0  
  5570.0   0.0  
  5575.0   0.0  
  5580.0   0.0  
  5585.0   0.0  
  5590.0   0.0  
  5595.0   0.0  
  5600.0   0.0  
  5605.0   0.0  
  5610.0   0.0  
  5615.0   0.0  
  5620.0   0.0  
  5625.0   0.0  
  5630.0   0.0  
  5635.0   0.0  
  5640.0   0.0  
  5645.0   0.0  
  5650.0   0.0  
  5655.0   0.0  
  5660.0   0.0  
  5665.0   0.0  
  5670.0   0.0  
  5675.0   0.0  
  5680.0   0.0  
  5685.0   0.0  
  5690.0   0.0  
  5695.0   0.0  
  5700.0   0.0  
  5705.0   0.0  
  5710.0   0.0  
  5715.0   0.0  
  5720.0   0.0  
  5725.0   0.0  
  5730.0   0.0  
  5735.0   0.0  
  5740.0   0.0  
  5745.0   0.0  
  5750.0   0.0  
  5755.0   0.0  
  5760.0   0.0  
  5765.0   0.0  
  5770.0   0.0  
  5775.0   0.0  
  5780.0   0.0  
  5785.0   0.0  
  5790.0   0.0  
  5795.0   0.0  
  5800.0   0.0  
  5805.0   0.0  
  5810.0   0.0  
  5815.0   0.0  
  5820.0   0.0  
  5825.0   0.0  
  5830.0   0.0  
  5835.0   0.0  
  5840.0   0.0  
  5845.0   0.0  
  5850.0   0.0  
  5855.0   0.0  
  5860.0   0.0  
  5865.0   0.0  
  5870.0   0.0  
  5875.0   0.0  
  5880.0   0.0  
  5885.0   0.0  
  5890.0   0.0  
  5895.0   0.0  
  5900.0   0.0  
  5905.0   0.0  
  5910.0   0.0  
  5915.0   0.0  
  5920.0   0.0  
  5925.0   0.0  
  5930.0   0.0  
  5935.0   0.0  
  5940.0   0.0  
  5945.0   0.0  
  5950.0   0.0  
  5955.0   0.0  
  5960.0   0.0  
  5965.0   0.0  
  5970.0   0.0  
  5975.0   0.0  
  5980.0   0.0  
  5985.0   0.0  
  5990.0   0.0  
  5995.0   0.0  
  6000.0   0.0  
  6005.0   0.0  
  6010.0   0.0  
  6015.0   0.0  
  6020.0   0.0  
  6025.0   0.0  
  6030.0   0.0  
  6035.0   0.0  
  6040.0   0.0  
  6045.0   0.0  
  6050.0   0.0  
  6055.0   0.0  
  6060.0   0.0  
  6065.0   0.0  
  6070.0   0.0  
  6075.0   0.0  
  6080.0   0.0  
  6085.0   0.0  
  6090.0   0.0  
  6095.0   0.0  
  6100.0   0.0  
  6105.0   0.0  
  6110.0   0.0  
  6115.0   0.0  
  6120.0   0.0  
  6125.0   0.0  
  6130.0   0.0  
  6135.0   0.0  
  6140.0   0.0  
  6145.0   0.0  
  6150.0   0.0  
  6155.0   0.0  
  6160.0   0.0  
  6165.0   0.0  
  6170.0   0.0  
  6175.0   0.0  
  6180.0   0.0  
  6185.0   0.0  
  6190.0   0.0  
  6195.0   0.0  
  6200.0   0.0  
  6205.0   0.0  
  6210.0   0.0  
  6215.0   0.0  
  6220.0   0.0  
  6225.0   0.0  
  6230.0   0.0  
  6235.0   0.0  
  6240.0   0.0  
  6245.0   0.0  
  6250.0   0.0  
  6255.0   0.0  
  6260.0   0.0  
  6265.0   0.0  
  6270.0   0.0  
  6275.0   0.0  
  6280.0   0.0  
  6285.0   0.0  
  6290.0   0.0  
  6295.0   0.0  
  6300.0   0.0  
  6305.0   0.0  
  6310.0   0.0  
  6315.0   0.0  
  6320.0   0.0  
  6325.0   0.0  
  6330.0   0.0  
  6335.0   0.0  
  6340.0   0.0  
  6345.0   0.0  
  6350.0   0.0  
  6355.0   0.0  
  6360.0   0.0  
  6365.0   0.0  
  6370.0   0.0  
  6375.0   0.0  
  6380.0   0.0  
  6385.0   0.0  
  6390.0   0.0  
  6395.0   0.0  
  6400.0   0.0  
  6405.0   0.0  
  6410.0   0.0  
  6415.0   0.0  
  6420.0   0.0  
  6425.0   0.0  
  6430.0   0.0  
  6435.0   0.0  
  6440.0   0.0  
  6445.0   0.0  
  6450.0   0.0  
  6455.0   0.0  
  6460.0   0.0  
  6465.0   0.0  
  6470.0   0.0  
  6475.0   0.0  
  6480.0   0.0  
  6485.0   0.0  
  6490.0   0.0  
  6495.0   0.0  
  6500.0   0.0  
  6505.0   0.0  
  6510.0   0.0  
  6515.0   0.0  
  6520.0   0.0  
  6525.0   0.0  
  6530.0   0.0  
  6535.0   0.0  
  6540.0   0.0  
  6545.0   0.0  
  6550.0   0.0  
  6555.0   0.0  
  6560.0   0.0  
  6565.0   0.0  
  6570.0   0.0  
  6575.0   0.0  
  6580.0   0.0  
  6585.0   0.0  
  6590.0   0.0  
  6595.0   0.0  
  6600.0   0.0  
  6605.0   0.0  
  6610.0   0.0  
  6615.0   0.0  
  6620.0   0.0  
  6625.0   0.0  
  6630.0   0.0  
  6635.0   0.0  
  6640.0   0.0  
  6645.0   0.0  
  6650.0   0.0  
  6655.0   0.0  
  6660.0   0.0  
  6665.0   0.0  
  6670.0   0.0  
  6675.0   0.0  
  6680.0   0.0  
  6685.0   0.0  
  6690.0   0.0  
  6695.0   0.0  
  6700.0   0.0  
  6705.0   0.0  
  6710.0   0.0  
  6715.0   0.0  
  6720.0   0.0  
  6725.0   0.0  
  6730.0   0.0  
  6735.0   0.0  
  6740.0   0.0  
  6745.0   0.0  
  6750.0   0.0  
  6755.0   0.0  
  6760.0   0.0  
  6765.0   0.0  
  6770.0   0.0  
  6775.0   0.0  
  6780.0   0.0  
  6785.0   0.0  
  6790.0   0.0  
  6795.0   0.0  
  6800.0   0.0  
  6805.0   0.0  
  6810.0   0.0  
  6815.0   0.0  
  6820.0   0.0  
  6825.0   0.0  
  6830.0   0.0  
  6835.0   0.0  
  6840.0   0.0  
  6845.0   0.0  
  6850.0   0.0  
  6855.0   0.0  
  6860.0   0.0  
  6865.0   0.0  
  6870.0   0.0  
  6875.0   0.0  
  6880.0   0.0  
  6885.0   0.0  
  6890.0   0.0  
  6895.0   0.0  
  6900.0   0.0  
  6905.0   0.0  
  6910.0   0.0  
  6915.0   0.0  
  6920.0   0.0  
  6925.0   0.0  
  6930.0   0.0  
  6935.0   0.0  
  6940.0   0.0  
  6945.0   0.0  
  6950.0   0.0  
  6955.0   0.0  
  6960.0   0.0  
  6965.0   0.0  
  6970.0   0.0  
  6975.0   0.0  
  6980.0   0.0  
  6985.0   0.0  
  6990.0   0.0  
  6995.0   0.0  
  7000.0   0.0  
  7005.0   0.0  
  7010.0   0.0  
  7015.0   0.0  
  7020.0   0.0  
  7025.0   0.0  
  7030.0   0.0  
  7035.0   0.0  
  7040.0   0.0  
  7045.0   0.0  
  7050.0   0.0  
  7055.0   0.0  
  7060.0   0.0  
  7065.0   0.0  
  7070.0   0.0  
  7075.0   0.0  
  7080.0   0.0  
  7085.0   0.0  
  7090.0   0.0  
  7095.0   0.0  
  7100.0   0.0  
  7105.0   0.0  
  7110.0   0.0  
  7115.0   0.0  
  7120.0   0.0  
  7125.0   0.0  
  7130.0   0.0  
  7135.0   0.0  
  7140.0   0.0  
  7145.0   0.0  
  7150.0   0.0  
  7155.0   0.0  
  7160.0   0.0  
  7165.0   0.0  
  7170.0   0.0  
  7175.0   0.0  
  7180.0   0.0  
  7185.0   0.0  
  7190.0   0.0  
  7195.0   0.0  
  7200.0   0.0  
  7205.0   0.0  
  7210.0   0.0  
  7215.0   0.0  
  7220.0   0.0  
  7225.0   0.0  
  7230.0   0.0  
  7235.0   0.0  
  7240.0   0.0  
  7245.0   0.0  
  7250.0   0.0  
  7255.0   0.0  
  7260.0   0.0  
  7265.0   0.0  
  7270.0   0.0  
  7275.0   0.0  
  7280.0   0.0  
  7285.0   0.0  
  7290.0   0.0  
  7295.0   0.0  
  7300.0   0.0  
  7305.0   0.0  
  7310.0   0.0  
  7315.0   0.0  
  7320.0   0.0  
  7325.0   0.0  
  7330.0   0.0  
  7335.0   0.0  
  7340.0   0.0  
  7345.0   0.0  
  7350.0   0.0  
  7355.0   0.0  
  7360.0   0.0  
  7365.0   0.0  
  7370.0   0.0  
  7375.0   0.0  
  7380.0   0.0  
  7385.0   0.0  
  7390.0   0.0  
  7395.0   0.0  
  7400.0   0.0  
  7405.0   0.0  
  7410.0   0.0  
  7415.0   0.0  
  7420.0   0.0  
  7425.0   0.0  
  7430.0   0.0  
  7435.0   0.0  
  7440.0   0.0  
  7445.0   0.0  
  7450.0   0.0  
  7455.0   0.0  
  7460.0   0.0  
  7465.0   0.0  
  7470.0   0.0  
  7475.0   0.0  
  7480.0   0.0  
  7485.0   0.0  
  7490.0   0.0  
  7495.0   0.0  
  7500.0   0.0  
  7505.0   0.0  
  7510.0   0.0  
  7515.0   0.0  
  7520.0   0.0  
  7525.0   0.0  
  7530.0   0.0  
  7535.0   0.0  
  7540.0   0.0  
  7545.0   0.0  
  7550.0   0.0  
  7555.0   0.0  
  7560.0   0.0  
  7565.0   0.0  
  7570.0   0.0  
  7575.0   0.0  
  7580.0   0.0  
  7585.0   0.0  
  7590.0   0.0  
  7595.0   0.0  
  7600.0   0.0  
  7605.0   0.0  
  7610.0   0.0  
  7615.0   0.0  
  7620.0   0.0  
  7625.0   0.0  
  7630.0   0.0  
  7635.0   0.0  
  7640.0   0.0  
  7645.0   0.0  
  7650.0   0.0  
  7655.0   0.0  
  7660.0   0.0  
  7665.0   0.0  
  7670.0   0.0  
  7675.0   0.0  
  7680.0   0.0  
  7685.0   0.0  
  7690.0   0.0  
  7695.0   0.0  
  7700.0   0.0  
  7705.0   0.0  
  7710.0   0.0  
  7715.0   0.0  
  7720.0   0.0  
  7725.0   0.0  
  7730.0   0.0  
  7735.0   0.0  
  7740.0   0.0  
  7745.0   0.0  
  7750.0   0.0  
  7755.0   0.0  
  7760.0   0.0  
  7765.0   0.0  
  7770.0   0.0  
  7775.0   0.0  
  7780.0   0.0  
  7785.0   0.0  
  7790.0   0.0  
  7795.0   0.0  
  7800.0   0.0  
  7805.0   0.0  
  7810.0   0.0  
  7815.0   0.0  
  7820.0   0.0  
  7825.0   0.0  
  7830.0   0.0  
  7835.0   0.0  
  7840.0   0.0  
  7845.0   0.0  
  7850.0   0.0  
  7855.0   0.0  
  7860.0   0.0  
  7865.0   0.0  
  7870.0   0.0  
  7875.0   0.0  
  7880.0   0.0  
  7885.0   0.0  
  7890.0   0.0  
  7895.0   0.0  
  7900.0   0.0  
  7905.0   0.0  
  7910.0   0.0  
  7915.0   0.0  
  7920.0   0.0  
  7925.0   0.0  
  7930.0   0.0  
  7935.0   0.0  
  7940.0   0.0  
  7945.0   0.0  
  7950.0   0.0  
  7955.0   0.0  
  7960.0   0.0  
  7965.0   0.0  
  7970.0   0.0  
  7975.0   0.0  
  7980.0   0.0  
  7985.0   0.0  
  7990.0   0.0  
  7995.0   0.0  
  8000.0   0.0  
  8005.0   0.0  
  8010.0   0.0  
  8015.0   0.0  
  8020.0   0.0  
  8025.0   0.0  
  8030.0   0.0  
  8035.0   0.0  
  8040.0   0.0  
  8045.0   0.0  
  8050.0   0.0  
  8055.0   0.0  
  8060.0   0.0  
  8065.0   0.0  
  8070.0   0.0  
  8075.0   0.0  
  8080.0   0.0  
  8085.0   0.0  
  8090.0   0.0  
  8095.0   0.0  
  8100.0   0.0  
  8105.0   0.0  
  8110.0   0.0  
  8115.0   0.0  
  8120.0   0.0  
  8125.0   0.0  
  8130.0   0.0  
  8135.0   0.0  
  8140.0   0.0  
  8145.0   0.0  
  8150.0   0.0  
  8155.0   0.0  
  8160.0   0.0  
  8165.0   0.0  
  8170.0   0.0  
  8175.0   0.0  
  8180.0   0.0  
  8185.0   0.0  
  8190.0   0.0  
  8195.0   0.0  
  8200.0   0.0  
  8205.0   0.0  
  8210.0   0.0  
  8215.0   0.0  
  8220.0   0.0  
  8225.0   0.0  
  8230.0   0.0  
  8235.0   0.0  
  8240.0   0.0  
  8245.0   0.0  
  8250.0   0.0  
  8255.0   0.0  
  8260.0   0.0  
  8265.0   0.0  
  8270.0   0.0  
  8275.0   0.0  
  8280.0   0.0  
  8285.0   0.0  
  8290.0   0.0  
  8295.0   0.0  
  8300.0   0.0  
  8305.0   0.0  
  8310.0   0.0  
  8315.0   0.0  
  8320.0   0.0  
  8325.0   0.0  
  8330.0   0.0  
  8335.0   0.0  
  8340.0   0.0  
  8345.0   0.0  
  8350.0   0.0  
  8355.0   0.0  
  8360.0   0.0  
  8365.0   0.0  
  8370.0   0.0  
  8375.0   0.0  
  8380.0   0.0  
  8385.0   0.0  
  8390.0   0.0  
  8395.0   0.0  
  8400.0   0.0  
  8405.0   0.0  
  8410.0   0.0  
  8415.0   0.0  
  8420.0   0.0  
  8425.0   0.0  
  8430.0   0.0  
  8435.0   0.0  
  8440.0   0.0  
  8445.0   0.0  
  8450.0   0.0  
  8455.0   0.0  
  8460.0   0.0  
  8465.0   0.0  
  8470.0   0.0  
  8475.0   0.0  
  8480.0   0.0  
  8485.0   0.0  
  8490.0   0.0  
  8495.0   0.0  
  8500.0   0.0  
  8505.0   0.0  
  8510.0   0.0  
  8515.0   0.0  
  8520.0   0.0  
  8525.0   0.0  
  8530.0   0.0  
  8535.0   0.0  
  8540.0   0.0  
  8545.0   0.0  
  8550.0   0.0  
  8555.0   0.0  
  8560.0   0.0  
  8565.0   0.0  
  8570.0   0.0  
  8575.0   0.0  
  8580.0   0.0  
  8585.0   0.0  
  8590.0   0.0  
  8595.0   0.0  
  8600.0   0.0  
  8605.0   0.0  
  8610.0   0.0  
  8615.0   0.0  
  8620.0   0.0  
  8625.0   0.0  
  8630.0   0.0  
  8635.0   0.0  
  8640.0   0.0  
  8645.0   0.0  
  8650.0   0.0  
  8655.0   0.0  
  8660.0   0.0  
  8665.0   0.0  
  8670.0   0.0  
  8675.0   0.0  
  8680.0   0.0  
  8685.0   0.0  
  8690.0   0.0  
  8695.0   0.0  
  8700.0   0.0  
  8705.0   0.0  
  8710.0   0.0  
  8715.0   0.0  
  8720.0   0.0  
  8725.0   0.0  
  8730.0   0.0  
  8735.0   0.0  
  8740.0   0.0  
  8745.0   0.0  
  8750.0   0.0  
  8755.0   0.0  
  8760.0   0.0  
  8765.0   0.0  
  8770.0   0.0  
  8775.0   0.0  
  8780.0   0.0  
  8785.0   0.0  
  8790.0   0.0  
  8795.0   0.0  
  8800.0   0.0  
  8805.0   0.0  
  8810.0   0.0  
  8815.0   0.0  
  8820.0   0.0  
  8825.0   0.0  
  8830.0   0.0  
  8835.0   0.0  
  8840.0   0.0  
  8845.0   0.0  
  8850.0   0.0  
  8855.0   0.0  
  8860.0   0.0  
  8865.0   0.0  
  8870.0   0.0  
  8875.0   0.0  
  8880.0   0.0  
  8885.0   0.0  
  8890.0   0.0  
  8895.0   0.0  
  8900.0   0.0  
  8905.0   0.0  
  8910.0   0.0  
  8915.0   0.0  
  8920.0   0.0  
  8925.0   0.0  
  8930.0   0.0  
  8935.0   0.0  
  8940.0   0.0  
  8945.0   0.0  
  8950.0   0.0  
  8955.0   0.0  
  8960.0   0.0  
  8965.0   0.0  
  8970.0   0.0  
  8975.0   0.0  
  8980.0   0.0  
  8985.0   0.0  
  8990.0   0.0  
  8995.0   0.0  
  9000.0   0.0  
  9005.0   0.0  
  9010.0   0.0  
  9015.0   0.0  
  9020.0   0.0  
  9025.0   0.0  
  9030.0   0.0  
  9035.0   0.0  
  9040.0   0.0  
  9045.0   0.0  
  9050.0   0.0  
  9055.0   0.0  
  9060.0   0.0  
  9065.0   0.0  
  9070.0   0.0  
  9075.0   0.0  
  9080.0   0.0  
  9085.0   0.0  
  9090.0   0.0  
  9095.0   0.0  
  9100.0   0.0  
  9105.0   0.0  
  9110.0   0.0  
  9115.0   0.0  
  9120.0   0.0  
  9125.0   0.0  
  9130.0   0.0  
  9135.0   0.0  
  9140.0   0.0  
  9145.0   0.0  
  9150.0   0.0  
  9155.0   0.0  
  9160.0   0.0  
  9165.0   0.0  
  9170.0   0.0  
  9175.0   0.0  
  9180.0   0.0  
  9185.0   0.0  
  9190.0   0.0  
  9195.0   0.0  
  9200.0   0.0  
  9205.0   0.0  
  9210.0   0.0  
  9215.0   0.0  
  9220.0   0.0  
  9225.0   0.0  
  9230.0   0.0  
  9235.0   0.0  
  9240.0   0.0  
  9245.0   0.0  
  9250.0   0.0  
  9255.0   0.0  
  9260.0   0.0  
  9265.0   0.0  
  9270.0   0.0  
  9275.0   0.0  
  9280.0   0.0  
  9285.0   0.0  
  9290.0   0.0  
  9295.0   0.0  
  9300.0   0.0  
  9305.0   0.002
  9310.0   0.005
  9315.0   0.005
  9320.0   0.004
  9325.0   0.005
  9330.0   0.005
  9335.0   0.005
  9340.0   0.005
  9345.0   0.005
  9350.0   0.006
  9355.0   0.007
  9360.0   0.007
  9365.0   0.007
  9370.0   0.007
  9375.0   0.009
  9380.0   0.009
  9385.0   0.010
  9390.0   0.012
  9395.0   0.016
  9400.0   0.017
  9405.0   0.018
  9410.0   0.019
  9415.0   0.022
  9420.0   0.025
  9425.0   0.026
  9430.0   0.026
  9435.0   0.034
  9440.0   0.038
  9445.0   0.042
  9450.0   0.054
  9455.0   0.055
  9460.0   0.053
  9465.0   0.081
  9470.0   0.115
  9475.0   0.116
  9480.0   0.108
  9485.0   0.163
  9490.0   0.240
  9495.0   0.229
  9500.0   0.212
  9505.0   0.302
  9510.0   0.421
  9515.0   0.456
  9520.0   0.440
  9525.0   0.461
  9530.0   0.533
  9535.0   0.574
  9540.0   0.600
  9545.0   0.611
  9550.0   0.635
  9555.0   0.631
  9560.0   0.626
  9565.0   0.634
  9570.0   0.646
  9575.0   0.694
  9580.0   0.699
  9585.0   0.677
  9590.0   0.659
  9595.0   0.645
  9600.0   0.669
  9605.0   0.689
  9610.0   0.703
  9615.0   0.717
  9620.0   0.701
  9625.0   0.673
  9630.0   0.695
  9635.0   0.717
  9640.0   0.708
  9645.0   0.708
  9650.0   0.720
  9655.0   0.738
  9660.0   0.725
  9665.0   0.699
  9670.0   0.709
  9675.0   0.755
  9680.0   0.769
  9685.0   0.754
  9690.0   0.762
  9695.0   0.770
  9700.0   0.762
  9705.0   0.758
  9710.0   0.765
  9715.0   0.754
  9720.0   0.748
  9725.0   0.743
  9730.0   0.731
  9735.0   0.723
  9740.0   0.718
  9745.0   0.709
  9750.0   0.701
  9755.0   0.701
  9760.0   0.696
  9765.0   0.701
  9770.0   0.716
  9775.0   0.721
  9780.0   0.712
  9785.0   0.705
  9790.0   0.702
  9795.0   0.697
  9800.0   0.699
  9805.0   0.700
  9810.0   0.713
  9815.0   0.715
  9820.0   0.709
  9825.0   0.702
  9830.0   0.699
  9835.0   0.703
  9840.0   0.705
  9845.0   0.699
  9850.0   0.692
  9855.0   0.692
  9860.0   0.694
  9865.0   0.692
  9870.0   0.687
  9875.0   0.681
  9880.0   0.678
  9885.0   0.675
  9890.0   0.671
  9895.0   0.666
  9900.0   0.661
  9905.0   0.657
  9910.0   0.654
  9915.0   0.650
  9920.0   0.645
  9925.0   0.640
  9930.0   0.635
  9935.0   0.631
  9940.0   0.628
  9945.0   0.625
  9950.0   0.621
  9955.0   0.616
  9960.0   0.611
  9965.0   0.607
  9970.0   0.602
  9975.0   0.597
  9980.0   0.593
  9985.0   0.588
  9990.0   0.583
  9995.0   0.578
  10000.0  0.573
  10005.0  0.568
  10010.0  0.563
  10015.0  0.557
  10020.0  0.551
  10025.0  0.546
  10030.0  0.541
  10035.0  0.536
  10040.0  0.530
  10045.0  0.524
  10050.0  0.519
  10055.0  0.513
  10060.0  0.508
  10065.0  0.503
  10070.0  0.498
  10075.0  0.492
  10080.0  0.486
  10085.0  0.480
  10090.0  0.474
  10095.0  0.467
  10100.0  0.461
  10105.0  0.456
  10110.0  0.450
  10115.0  0.445
  10120.0  0.439
  10125.0  0.434
  10130.0  0.429
  10135.0  0.423
  10140.0  0.417
  10145.0  0.412
  10150.0  0.406
  10155.0  0.400
  10160.0  0.395
  10165.0  0.389
  10170.0  0.384
  10175.0  0.378
  10180.0  0.372
  10185.0  0.366
  10190.0  0.360
  10195.0  0.355
  10200.0  0.349
  10205.0  0.344
  10210.0  0.339
  10215.0  0.333
  10220.0  0.327
  10225.0  0.322
  10230.0  0.316
  10235.0  0.310
  10240.0  0.305
  10245.0  0.300
  10250.0  0.294
  10255.0  0.289
  10260.0  0.284
  10265.0  0.279
  10270.0  0.274
  10275.0  0.269
  10280.0  0.264
  10285.0  0.260
  10290.0  0.255
  10295.0  0.250
  10300.0  0.245
  10305.0  0.240
  10310.0  0.235
  10315.0  0.230
  10320.0  0.225
  10325.0  0.220
  10330.0  0.215
  10335.0  0.209
  10340.0  0.203
  10345.0  0.197
  10350.0  0.192
  10355.0  0.186
  10360.0  0.180
  10365.0  0.174
  10370.0  0.168
  10375.0  0.164
  10380.0  0.161
  10385.0  0.157
  10390.0  0.154
  10395.0  0.152
  10400.0  0.149
  10405.0  0.147
  10410.0  0.145
  10415.0  0.143
  10420.0  0.141
  10425.0  0.139
  10430.0  0.137
  10435.0  0.135
  10440.0  0.132
  10445.0  0.130
  10450.0  0.128
  10455.0  0.126
  10460.0  0.124
  10465.0  0.122
  10470.0  0.120
  10475.0  0.118
  10480.0  0.116
  10485.0  0.115
  10490.0  0.113
  10495.0  0.111
  10500.0  0.108
  10505.0  0.106
  10510.0  0.104
  10515.0  0.103
  10520.0  0.101
  10525.0  0.100
  10530.0  0.098
  10535.0  0.097
  10540.0  0.096
  10545.0  0.095
  10550.0  0.094
  10555.0  0.093
  10560.0  0.092
  10565.0  0.091
  10570.0  0.091
  10575.0  0.090
  10580.0  0.088
  10585.0  0.087
  10590.0  0.086
  10595.0  0.084
  10600.0  0.081
  10605.0  0.079
  10610.0  0.076
  10615.0  0.071
  10620.0  0.066
  10625.0  0.061
  10630.0  0.056
  10635.0  0.050
  10640.0  0.044
  10645.0  0.038
  10650.0  0.032
  10655.0  0.028
  10660.0  0.023
  10665.0  0.019
  10670.0  0.014
  10675.0  0.012
  10680.0  0.010
  10685.0  0.008
  10690.0  0.005
  10695.0  0.002
  10700.0  0.0  
  10705.0  0.0  
  10710.0  0.0  
  10715.0  0.0  
  10720.0  0.0  
  10725.0  0.0  
  10730.0  0.0  
  10735.0  0.0  
  10740.0  0.0  
  10745.0  0.0  
  10750.0  0.0  
  10755.0  0.0  
  10760.0  0.0  
  10765.0  0.0  
  10770.0  0.0  
  10775.0  0.0  
  10780.0  0.0  
  10785.0  0.0  
  10790.0  0.0  
  10795.0  0.0  
  10800.0  0.0  
  10805.0  0.0  
  10810.0  0.0  
  10815.0  0.0  
  10820.0  0.0  
  10825.0  0.0  
  10830.0  0.0  
  10835.0  0.0  
  10840.0  0.0  
  10845.0  0.0  
  10850.0  0.0  
  10855.0  0.0  
  10860.0  0.0  
  10865.0  0.0  
  10870.0  0.0  
  10875.0  0.0  
  10880.0  0.0  
  10885.0  0.0  
  10890.0  0.0  
  10895.0  0.0  
  10900.0  0.0  
  10905.0  0.0  
  10910.0  0.0  
  10915.0  0.0  
  10920.0  0.0  
  10925.0  0.0  
  10930.0  0.0  
  10935.0  0.0  
  10940.0  0.0  
  10945.0  0.0  
  10950.0  0.0  
  10955.0  0.0  
  10960.0  0.0  
  10965.0  0.0  
  10970.0  0.0  
  10975.0  0.0  
  10980.0  0.0  
  10985.0  0.0  
  10990.0  0.0  
  10995.0  0.0  
  11000.0  0.0  
