  3800.0   0.0  
  3805.0   0.0  
  3810.0   0.0  
  3815.0   0.0  
  3820.0   0.0  
  3825.0   0.0  
  3830.0   0.0  
  3835.0   0.0  
  3840.0   0.0  
  3845.0   0.0  
  3850.0   0.0  
  3855.0   0.0  
  3860.0   0.0  
  3865.0   0.0  
  3870.0   0.0  
  3875.0   0.0  
  3880.0   0.0  
  3885.0   0.0  
  3890.0   0.0  
  3895.0   0.0  
  3900.0   0.0  
  3905.0   0.0  
  3910.0   0.0  
  3915.0   0.0  
  3920.0   0.0  
  3925.0   0.0  
  3930.0   0.0  
  3935.0   0.0  
  3940.0   0.0  
  3945.0   0.0  
  3950.0   0.0  
  3955.0   0.0  
  3960.0   0.0  
  3965.0   0.0  
  3970.0   0.0  
  3975.0   0.0  
  3980.0   0.0  
  3985.0   0.0  
  3990.0   0.0  
  3995.0   0.0  
  4000.0   0.0  
  4005.0   0.0  
  4010.0   0.0  
  4015.0   0.0  
  4020.0   0.0  
  4025.0   0.0  
  4030.0   0.0  
  4035.0   0.0  
  4040.0   0.0  
  4045.0   0.0  
  4050.0   0.0  
  4055.0   0.0  
  4060.0   0.0  
  4065.0   0.0  
  4070.0   0.0  
  4075.0   0.0  
  4080.0   0.0  
  4085.0   0.0  
  4090.0   0.0  
  4095.0   0.0  
  4100.0   0.0  
  4105.0   0.0  
  4110.0   0.0  
  4115.0   0.0  
  4120.0   0.0  
  4125.0   0.0  
  4130.0   0.0  
  4135.0   0.0  
  4140.0   0.0  
  4145.0   0.0  
  4150.0   0.0  
  4155.0   0.0  
  4160.0   0.0  
  4165.0   0.0  
  4170.0   0.0  
  4175.0   0.0  
  4180.0   0.0  
  4185.0   0.0  
  4190.0   0.0  
  4195.0   0.0  
  4200.0   0.0  
  4205.0   0.0  
  4210.0   0.0  
  4215.0   0.0  
  4220.0   0.0  
  4225.0   0.0  
  4230.0   0.0  
  4235.0   0.0  
  4240.0   0.0  
  4245.0   0.0  
  4250.0   0.0  
  4255.0   0.0  
  4260.0   0.0  
  4265.0   0.0  
  4270.0   0.0  
  4275.0   0.0  
  4280.0   0.0  
  4285.0   0.0  
  4290.0   0.0  
  4295.0   0.0  
  4300.0   0.0  
  4305.0   0.0  
  4310.0   0.0  
  4315.0   0.0  
  4320.0   0.0  
  4325.0   0.0  
  4330.0   0.0  
  4335.0   0.0  
  4340.0   0.0  
  4345.0   0.0  
  4350.0   0.0  
  4355.0   0.0  
  4360.0   0.0  
  4365.0   0.0  
  4370.0   0.0  
  4375.0   0.0  
  4380.0   0.0  
  4385.0   0.0  
  4390.0   0.0  
  4395.0   0.0  
  4400.0   0.0  
  4405.0   0.0  
  4410.0   0.0  
  4415.0   0.0  
  4420.0   0.0  
  4425.0   0.0  
  4430.0   0.0  
  4435.0   0.0  
  4440.0   0.0  
  4445.0   0.0  
  4450.0   0.0  
  4455.0   0.0  
  4460.0   0.0  
  4465.0   0.0  
  4470.0   0.0  
  4475.0   0.0  
  4480.0   0.0  
  4485.0   0.0  
  4490.0   0.0  
  4495.0   0.0  
  4500.0   0.0  
  4505.0   0.0  
  4510.0   0.0  
  4515.0   0.0  
  4520.0   0.0  
  4525.0   0.0  
  4530.0   0.0  
  4535.0   0.0  
  4540.0   0.0  
  4545.0   0.0  
  4550.0   0.0  
  4555.0   0.0  
  4560.0   0.0  
  4565.0   0.0  
  4570.0   0.0  
  4575.0   0.0  
  4580.0   0.0  
  4585.0   0.0  
  4590.0   0.0  
  4595.0   0.0  
  4600.0   0.0  
  4605.0   0.0  
  4610.0   0.0  
  4615.0   0.0  
  4620.0   0.0  
  4625.0   0.0  
  4630.0   0.0  
  4635.0   0.0  
  4640.0   0.0  
  4645.0   0.0  
  4650.0   0.0  
  4655.0   0.0  
  4660.0   0.0  
  4665.0   0.0  
  4670.0   0.0  
  4675.0   0.0  
  4680.0   0.0  
  4685.0   0.0  
  4690.0   0.0  
  4695.0   0.0  
  4700.0   0.0  
  4705.0   0.0  
  4710.0   0.0  
  4715.0   0.0  
  4720.0   0.0  
  4725.0   0.0  
  4730.0   0.0  
  4735.0   0.0  
  4740.0   0.0  
  4745.0   0.0  
  4750.0   0.0  
  4755.0   0.0  
  4760.0   0.0  
  4765.0   0.0  
  4770.0   0.0  
  4775.0   0.0  
  4780.0   0.0  
  4785.0   0.0  
  4790.0   0.0  
  4795.0   0.0  
  4800.0   0.0  
  4805.0   0.0  
  4810.0   0.0  
  4815.0   0.0  
  4820.0   0.0  
  4825.0   0.0  
  4830.0   0.0  
  4835.0   0.0  
  4840.0   0.0  
  4845.0   0.0  
  4850.0   0.0  
  4855.0   0.0  
  4860.0   0.0  
  4865.0   0.0  
  4870.0   0.0  
  4875.0   0.0  
  4880.0   0.0  
  4885.0   0.0  
  4890.0   0.0  
  4895.0   0.0  
  4900.0   0.0  
  4905.0   0.0  
  4910.0   0.0  
  4915.0   0.0  
  4920.0   0.0  
  4925.0   0.0  
  4930.0   0.0  
  4935.0   0.0  
  4940.0   0.0  
  4945.0   0.0  
  4950.0   0.0  
  4955.0   0.0  
  4960.0   0.0  
  4965.0   0.0  
  4970.0   0.0  
  4975.0   0.0  
  4980.0   0.0  
  4985.0   0.0  
  4990.0   0.0  
  4995.0   0.0  
  5000.0   0.0  
  5005.0   0.0  
  5010.0   0.0  
  5015.0   0.0  
  5020.0   0.0  
  5025.0   0.0  
  5030.0   0.0  
  5035.0   0.0  
  5040.0   0.0  
  5045.0   0.0  
  5050.0   0.0  
  5055.0   0.0  
  5060.0   0.0  
  5065.0   0.0  
  5070.0   0.0  
  5075.0   0.0  
  5080.0   0.0  
  5085.0   0.0  
  5090.0   0.0  
  5095.0   0.0  
  5100.0   0.0  
  5105.0   0.0  
  5110.0   0.0  
  5115.0   0.0  
  5120.0   0.0  
  5125.0   0.0  
  5130.0   0.0  
  5135.0   0.0  
  5140.0   0.0  
  5145.0   0.0  
  5150.0   0.0  
  5155.0   0.0  
  5160.0   0.0  
  5165.0   0.0  
  5170.0   0.0  
  5175.0   0.0  
  5180.0   0.0  
  5185.0   0.0  
  5190.0   0.0  
  5195.0   0.0  
  5200.0   0.0  
  5205.0   0.0  
  5210.0   0.0  
  5215.0   0.0  
  5220.0   0.0  
  5225.0   0.0  
  5230.0   0.0  
  5235.0   0.0  
  5240.0   0.0  
  5245.0   0.0  
  5250.0   0.0  
  5255.0   0.0  
  5260.0   0.0  
  5265.0   0.0  
  5270.0   0.0  
  5275.0   0.0  
  5280.0   0.0  
  5285.0   0.0  
  5290.0   0.0  
  5295.0   0.0  
  5300.0   0.0  
  5305.0   0.0  
  5310.0   0.0  
  5315.0   0.0  
  5320.0   0.0  
  5325.0   0.0  
  5330.0   0.0  
  5335.0   0.0  
  5340.0   0.0  
  5345.0   0.0  
  5350.0   0.0  
  5355.0   0.0  
  5360.0   0.0  
  5365.0   0.0  
  5370.0   0.0  
  5375.0   0.0  
  5380.0   0.0  
  5385.0   0.0  
  5390.0   0.0  
  5395.0   0.0  
  5400.0   0.0  
  5405.0   0.0  
  5410.0   0.0  
  5415.0   0.0  
  5420.0   0.0  
  5425.0   0.0  
  5430.0   0.0  
  5435.0   0.0  
  5440.0   0.0  
  5445.0   0.0  
  5450.0   0.0  
  5455.0   0.0  
  5460.0   0.0  
  5465.0   0.0  
  5470.0   0.0  
  5475.0   0.0  
  5480.0   0.0  
  5485.0   0.0  
  5490.0   0.0  
  5495.0   0.0  
  5500.0   0.0  
  5505.0   0.0  
  5510.0   0.0  
  5515.0   0.0  
  5520.0   0.0  
  5525.0   0.0  
  5530.0   0.0  
  5535.0   0.0  
  5540.0   0.0  
  5545.0   0.0  
  5550.0   0.0  
  5555.0   0.0  
  5560.0   0.0  
  5565.0   0.0  
  5570.0   0.0  
  5575.0   0.0  
  5580.0   0.0  
  5585.0   0.0  
  5590.0   0.0  
  5595.0   0.0  
  5600.0   0.0  
  5605.0   0.0  
  5610.0   0.0  
  5615.0   0.0  
  5620.0   0.0  
  5625.0   0.0  
  5630.0   0.0  
  5635.0   0.0  
  5640.0   0.0  
  5645.0   0.0  
  5650.0   0.0  
  5655.0   0.0  
  5660.0   0.0  
  5665.0   0.0  
  5670.0   0.0  
  5675.0   0.0  
  5680.0   0.0  
  5685.0   0.0  
  5690.0   0.0  
  5695.0   0.0  
  5700.0   0.0  
  5705.0   0.0  
  5710.0   0.0  
  5715.0   0.0  
  5720.0   0.0  
  5725.0   0.0  
  5730.0   0.0  
  5735.0   0.0  
  5740.0   0.0  
  5745.0   0.0  
  5750.0   0.0  
  5755.0   0.0  
  5760.0   0.0  
  5765.0   0.0  
  5770.0   0.0  
  5775.0   0.0  
  5780.0   0.0  
  5785.0   0.0  
  5790.0   0.0  
  5795.0   0.0  
  5800.0   0.0  
  5805.0   0.0  
  5810.0   0.0  
  5815.0   0.0  
  5820.0   0.0  
  5825.0   0.0  
  5830.0   0.0  
  5835.0   0.0  
  5840.0   0.0  
  5845.0   0.0  
  5850.0   0.0  
  5855.0   0.0  
  5860.0   0.0  
  5865.0   0.0  
  5870.0   0.0  
  5875.0   0.0  
  5880.0   0.0  
  5885.0   0.0  
  5890.0   0.0  
  5895.0   0.0  
  5900.0   0.0  
  5905.0   0.0  
  5910.0   0.0  
  5915.0   0.0  
  5920.0   0.0  
  5925.0   0.0  
  5930.0   0.0  
  5935.0   0.0  
  5940.0   0.0  
  5945.0   0.0  
  5950.0   0.0  
  5955.0   0.0  
  5960.0   0.0  
  5965.0   0.0  
  5970.0   0.0  
  5975.0   0.0  
  5980.0   0.0  
  5985.0   0.0  
  5990.0   0.0  
  5995.0   0.0  
  6000.0   0.0  
  6005.0   0.0  
  6010.0   0.0  
  6015.0   0.0  
  6020.0   0.0  
  6025.0   0.0  
  6030.0   0.0  
  6035.0   0.0  
  6040.0   0.0  
  6045.0   0.0  
  6050.0   0.0  
  6055.0   0.0  
  6060.0   0.0  
  6065.0   0.0  
  6070.0   0.0  
  6075.0   0.0  
  6080.0   0.0  
  6085.0   0.0  
  6090.0   0.0  
  6095.0   0.0  
  6100.0   0.0  
  6105.0   0.0  
  6110.0   0.0  
  6115.0   0.0  
  6120.0   0.0  
  6125.0   0.0  
  6130.0   0.0  
  6135.0   0.0  
  6140.0   0.0  
  6145.0   0.0  
  6150.0   0.0  
  6155.0   0.0  
  6160.0   0.0  
  6165.0   0.0  
  6170.0   0.0  
  6175.0   0.0  
  6180.0   0.0  
  6185.0   0.0  
  6190.0   0.0  
  6195.0   0.0  
  6200.0   0.0  
  6205.0   0.0  
  6210.0   0.0  
  6215.0   0.0  
  6220.0   0.0  
  6225.0   0.0  
  6230.0   0.0  
  6235.0   0.0  
  6240.0   0.0  
  6245.0   0.0  
  6250.0   0.0  
  6255.0   0.0  
  6260.0   0.0  
  6265.0   0.0  
  6270.0   0.0  
  6275.0   0.0  
  6280.0   0.0  
  6285.0   0.0  
  6290.0   0.0  
  6295.0   0.0  
  6300.0   0.0  
  6305.0   0.0  
  6310.0   0.0  
  6315.0   0.0  
  6320.0   0.0  
  6325.0   0.0  
  6330.0   0.0  
  6335.0   0.0  
  6340.0   0.0  
  6345.0   0.0  
  6350.0   0.0  
  6355.0   0.0  
  6360.0   0.0  
  6365.0   0.0  
  6370.0   0.0  
  6375.0   0.0  
  6380.0   0.0  
  6385.0   0.0  
  6390.0   0.0  
  6395.0   0.0  
  6400.0   0.0  
  6405.0   0.0  
  6410.0   0.0  
  6415.0   0.0  
  6420.0   0.0  
  6425.0   0.0  
  6430.0   0.0  
  6435.0   0.0  
  6440.0   0.0  
  6445.0   0.0  
  6450.0   0.0  
  6455.0   0.0  
  6460.0   0.0  
  6465.0   0.0  
  6470.0   0.0  
  6475.0   0.0  
  6480.0   0.0  
  6485.0   0.0  
  6490.0   0.0  
  6495.0   0.0  
  6500.0   0.0  
  6505.0   0.0  
  6510.0   0.0  
  6515.0   0.0  
  6520.0   0.0  
  6525.0   0.0  
  6530.0   0.0  
  6535.0   0.0  
  6540.0   0.0  
  6545.0   0.0  
  6550.0   0.0  
  6555.0   0.0  
  6560.0   0.0  
  6565.0   0.0  
  6570.0   0.0  
  6575.0   0.0  
  6580.0   0.0  
  6585.0   0.0  
  6590.0   0.0  
  6595.0   0.0  
  6600.0   0.0  
  6605.0   0.0  
  6610.0   0.0  
  6615.0   0.0  
  6620.0   0.0  
  6625.0   0.0  
  6630.0   0.0  
  6635.0   0.0  
  6640.0   0.0  
  6645.0   0.0  
  6650.0   0.0  
  6655.0   0.0  
  6660.0   0.0  
  6665.0   0.0  
  6670.0   0.0  
  6675.0   0.0  
  6680.0   0.0  
  6685.0   0.0  
  6690.0   0.0  
  6695.0   0.0  
  6700.0   0.0  
  6705.0   0.0  
  6710.0   0.0  
  6715.0   0.0  
  6720.0   0.0  
  6725.0   0.0  
  6730.0   0.0  
  6735.0   0.0  
  6740.0   0.0  
  6745.0   0.0  
  6750.0   0.0  
  6755.0   0.0  
  6760.0   0.0  
  6765.0   0.0  
  6770.0   0.0  
  6775.0   0.0  
  6780.0   0.0  
  6785.0   0.0  
  6790.0   0.0  
  6795.0   0.0  
  6800.0   0.0  
  6805.0   0.0  
  6810.0   0.0  
  6815.0   0.0  
  6820.0   0.0  
  6825.0   0.0  
  6830.0   0.0  
  6835.0   0.0  
  6840.0   0.0  
  6845.0   0.0  
  6850.0   0.0  
  6855.0   0.0  
  6860.0   0.0  
  6865.0   0.0  
  6870.0   0.0  
  6875.0   0.0  
  6880.0   0.0  
  6885.0   0.0  
  6890.0   0.0  
  6895.0   0.0  
  6900.0   0.0  
  6905.0   0.0  
  6910.0   0.0  
  6915.0   0.0  
  6920.0   0.0  
  6925.0   0.0  
  6930.0   0.0  
  6935.0   0.0  
  6940.0   0.0  
  6945.0   0.0  
  6950.0   0.0  
  6955.0   0.0  
  6960.0   0.0  
  6965.0   0.0  
  6970.0   0.0  
  6975.0   0.0  
  6980.0   0.0  
  6985.0   0.0  
  6990.0   0.0  
  6995.0   0.0  
  7000.0   0.0  
  7005.0   0.0  
  7010.0   0.0  
  7015.0   0.0  
  7020.0   0.0  
  7025.0   0.0  
  7030.0   0.0  
  7035.0   0.0  
  7040.0   0.0  
  7045.0   0.0  
  7050.0   0.0  
  7055.0   0.0  
  7060.0   0.0  
  7065.0   0.0  
  7070.0   0.0  
  7075.0   0.0  
  7080.0   0.0  
  7085.0   0.0  
  7090.0   0.0  
  7095.0   0.0  
  7100.0   0.0  
  7105.0   0.0  
  7110.0   0.0  
  7115.0   0.0  
  7120.0   0.0  
  7125.0   0.0  
  7130.0   0.0  
  7135.0   0.0  
  7140.0   0.0  
  7145.0   0.0  
  7150.0   0.0  
  7155.0   0.0  
  7160.0   0.0  
  7165.0   0.0  
  7170.0   0.0  
  7175.0   0.0  
  7180.0   0.0  
  7185.0   0.0  
  7190.0   0.0  
  7195.0   0.0  
  7200.0   0.0  
  7205.0   0.0  
  7210.0   0.0  
  7215.0   0.0  
  7220.0   0.0  
  7225.0   0.0  
  7230.0   0.0  
  7235.0   0.0  
  7240.0   0.0  
  7245.0   0.0  
  7250.0   0.0  
  7255.0   0.0  
  7260.0   0.0  
  7265.0   0.0  
  7270.0   0.0  
  7275.0   0.0  
  7280.0   0.0  
  7285.0   0.0  
  7290.0   0.0  
  7295.0   0.0  
  7300.0   0.0  
  7305.0   0.0  
  7310.0   0.0  
  7315.0   0.0  
  7320.0   0.0  
  7325.0   0.0  
  7330.0   0.0  
  7335.0   0.0  
  7340.0   0.0  
  7345.0   0.0  
  7350.0   0.0  
  7355.0   0.0  
  7360.0   0.0  
  7365.0   0.0  
  7370.0   0.0  
  7375.0   0.0  
  7380.0   0.0  
  7385.0   0.0  
  7390.0   0.0  
  7395.0   0.0  
  7400.0   0.0  
  7405.0   0.0  
  7410.0   0.0  
  7415.0   0.0  
  7420.0   0.0  
  7425.0   0.0  
  7430.0   0.0  
  7435.0   0.0  
  7440.0   0.0  
  7445.0   0.0  
  7450.0   0.0  
  7455.0   0.0  
  7460.0   0.0  
  7465.0   0.0  
  7470.0   0.0  
  7475.0   0.0  
  7480.0   0.0  
  7485.0   0.0  
  7490.0   0.0  
  7495.0   0.0  
  7500.0   0.0  
  7505.0   0.0  
  7510.0   0.0  
  7515.0   0.0  
  7520.0   0.0  
  7525.0   0.0  
  7530.0   0.0  
  7535.0   0.0  
  7540.0   0.0  
  7545.0   0.0  
  7550.0   0.0  
  7555.0   0.0  
  7560.0   0.0  
  7565.0   0.0  
  7570.0   0.0  
  7575.0   0.0  
  7580.0   0.0  
  7585.0   0.0  
  7590.0   0.0  
  7595.0   0.0  
  7600.0   0.0  
  7605.0   0.0  
  7610.0   0.0  
  7615.0   0.0  
  7620.0   0.0  
  7625.0   0.0  
  7630.0   0.0  
  7635.0   0.0  
  7640.0   0.0  
  7645.0   0.0  
  7650.0   0.0  
  7655.0   0.0  
  7660.0   0.0  
  7665.0   0.0  
  7670.0   0.0  
  7675.0   0.0  
  7680.0   0.0  
  7685.0   0.0  
  7690.0   0.0  
  7695.0   0.0  
  7700.0   0.0  
  7705.0   0.0  
  7710.0   0.0  
  7715.0   0.0  
  7720.0   0.0  
  7725.0   0.0  
  7730.0   0.0  
  7735.0   0.0  
  7740.0   0.0  
  7745.0   0.0  
  7750.0   0.0  
  7755.0   0.0  
  7760.0   0.0  
  7765.0   0.0  
  7770.0   0.0  
  7775.0   0.0  
  7780.0   0.0  
  7785.0   0.0  
  7790.0   0.0  
  7795.0   0.0  
  7800.0   0.0  
  7805.0   0.0  
  7810.0   0.0  
  7815.0   0.0  
  7820.0   0.0  
  7825.0   0.0  
  7830.0   0.0  
  7835.0   0.0  
  7840.0   0.0  
  7845.0   0.0  
  7850.0   0.0  
  7855.0   0.0  
  7860.0   0.0  
  7865.0   0.0  
  7870.0   0.0  
  7875.0   0.0  
  7880.0   0.0  
  7885.0   0.0  
  7890.0   0.0  
  7895.0   0.0  
  7900.0   0.0  
  7905.0   0.0  
  7910.0   0.0  
  7915.0   0.0  
  7920.0   0.0  
  7925.0   0.0  
  7930.0   0.0  
  7935.0   0.0  
  7940.0   0.0  
  7945.0   0.0  
  7950.0   0.0  
  7955.0   0.0  
  7960.0   0.0  
  7965.0   0.0  
  7970.0   0.0  
  7975.0   0.0  
  7980.0   0.0  
  7985.0   0.0  
  7990.0   0.0  
  7995.0   0.0  
  8000.0   0.0  
  8005.0   0.0  
  8010.0   0.0  
  8015.0   0.0  
  8020.0   0.0  
  8025.0   0.0  
  8030.0   0.0  
  8035.0   0.0  
  8040.0   0.0  
  8045.0   0.0  
  8050.0   0.0  
  8055.0   0.0  
  8060.0   0.0  
  8065.0   0.0  
  8070.0   0.0  
  8075.0   0.0  
  8080.0   0.0  
  8085.0   0.0  
  8090.0   0.0  
  8095.0   0.0  
  8100.0   0.0  
  8105.0   0.0  
  8110.0   0.0  
  8115.0   0.0  
  8120.0   0.0  
  8125.0   0.0  
  8130.0   0.0  
  8135.0   0.0  
  8140.0   0.0  
  8145.0   0.0  
  8150.0   0.0  
  8155.0   0.0  
  8160.0   0.0  
  8165.0   0.0  
  8170.0   0.0  
  8175.0   0.0  
  8180.0   0.0  
  8185.0   0.0  
  8190.0   0.0  
  8195.0   0.0  
  8200.0   0.0  
  8205.0   0.0  
  8210.0   0.0  
  8215.0   0.0  
  8220.0   0.0  
  8225.0   0.0  
  8230.0   0.0  
  8235.0   0.0  
  8240.0   0.0  
  8245.0   0.0  
  8250.0   0.0  
  8255.0   0.002
  8260.0   0.004
  8265.0   0.004
  8270.0   0.004
  8275.0   0.005
  8280.0   0.005
  8285.0   0.005
  8290.0   0.005
  8295.0   0.005
  8300.0   0.005
  8305.0   0.006
  8310.0   0.006
  8315.0   0.006
  8320.0   0.007
  8325.0   0.007
  8330.0   0.008
  8335.0   0.008
  8340.0   0.009
  8345.0   0.011
  8350.0   0.013
  8355.0   0.013
  8360.0   0.014
  8365.0   0.014
  8370.0   0.014
  8375.0   0.015
  8380.0   0.015
  8385.0   0.019
  8390.0   0.023
  8395.0   0.025
  8400.0   0.028
  8405.0   0.030
  8410.0   0.033
  8415.0   0.035
  8420.0   0.038
  8425.0   0.057
  8430.0   0.076
  8435.0   0.074
  8440.0   0.072
  8445.0   0.093
  8450.0   0.114
  8455.0   0.135
  8460.0   0.156
  8465.0   0.240
  8470.0   0.324
  8475.0   0.322
  8480.0   0.319
  8485.0   0.380
  8490.0   0.442
  8495.0   0.503
  8500.0   0.564
  8505.0   0.616
  8510.0   0.667
  8515.0   0.718
  8520.0   0.770
  8525.0   0.802
  8530.0   0.833
  8535.0   0.864
  8540.0   0.895
  8545.0   0.904
  8550.0   0.914
  8555.0   0.923
  8560.0   0.933
  8565.0   0.931
  8570.0   0.930
  8575.0   0.935
  8580.0   0.940
  8585.0   0.932
  8590.0   0.923
  8595.0   0.923
  8600.0   0.923
  8605.0   0.925
  8610.0   0.926
  8615.0   0.929
  8620.0   0.931
  8625.0   0.936
  8630.0   0.941
  8635.0   0.945
  8640.0   0.949
  8645.0   0.950
  8650.0   0.951
  8655.0   0.950
  8660.0   0.949
  8665.0   0.952
  8670.0   0.954
  8675.0   0.954
  8680.0   0.954
  8685.0   0.953
  8690.0   0.953
  8695.0   0.953
  8700.0   0.953
  8705.0   0.953
  8710.0   0.953
  8715.0   0.953
  8720.0   0.954
  8725.0   0.954
  8730.0   0.954
  8735.0   0.954
  8740.0   0.954
  8745.0   0.956
  8750.0   0.957
  8755.0   0.958
  8760.0   0.959
  8765.0   0.960
  8770.0   0.961
  8775.0   0.962
  8780.0   0.963
  8785.0   0.964
  8790.0   0.965
  8795.0   0.966
  8800.0   0.967
  8805.0   0.967
  8810.0   0.968
  8815.0   0.969
  8820.0   0.969
  8825.0   0.970
  8830.0   0.971
  8835.0   0.971
  8840.0   0.971
  8845.0   0.972
  8850.0   0.972
  8855.0   0.972
  8860.0   0.972
  8865.0   0.972
  8870.0   0.973
  8875.0   0.974
  8880.0   0.974
  8885.0   0.975
  8890.0   0.976
  8895.0   0.974
  8900.0   0.971
  8905.0   0.971
  8910.0   0.972
  8915.0   0.971
  8920.0   0.969
  8925.0   0.968
  8930.0   0.963
  8935.0   0.960
  8940.0   0.960
  8945.0   0.955
  8950.0   0.945
  8955.0   0.932
  8960.0   0.922
  8965.0   0.909
  8970.0   0.903
  8975.0   0.913
  8980.0   0.919
  8985.0   0.885
  8990.0   0.842
  8995.0   0.863
  9000.0   0.892
  9005.0   0.886
  9010.0   0.891
  9015.0   0.899
  9020.0   0.897
  9025.0   0.893
  9030.0   0.905
  9035.0   0.937
  9040.0   0.957
  9045.0   0.955
  9050.0   0.950
  9055.0   0.951
  9060.0   0.949
  9065.0   0.928
  9070.0   0.904
  9075.0   0.895
  9080.0   0.893
  9085.0   0.896
  9090.0   0.896
  9095.0   0.900
  9100.0   0.903
  9105.0   0.895
  9110.0   0.906
  9115.0   0.911
  9120.0   0.902
  9125.0   0.913
  9130.0   0.891
  9135.0   0.868
  9140.0   0.886
  9145.0   0.916
  9150.0   0.909
  9155.0   0.869
  9160.0   0.879
  9165.0   0.921
  9170.0   0.923
  9175.0   0.896
  9180.0   0.885
  9185.0   0.909
  9190.0   0.932
  9195.0   0.937
  9200.0   0.936
  9205.0   0.947
  9210.0   0.946
  9215.0   0.936
  9220.0   0.934
  9225.0   0.941
  9230.0   0.940
  9235.0   0.933
  9240.0   0.926
  9245.0   0.920
  9250.0   0.917
  9255.0   0.919
  9260.0   0.920
  9265.0   0.919
  9270.0   0.921
  9275.0   0.898
  9280.0   0.866
  9285.0   0.858
  9290.0   0.846
  9295.0   0.827
  9300.0   0.791
  9305.0   0.758
  9310.0   0.727
  9315.0   0.693
  9320.0   0.630
  9325.0   0.607
  9330.0   0.612
  9335.0   0.593
  9340.0   0.526
  9345.0   0.499
  9350.0   0.567
  9355.0   0.586
  9360.0   0.561
  9365.0   0.567
  9370.0   0.552
  9375.0   0.579
  9380.0   0.585
  9385.0   0.590
  9390.0   0.657
  9395.0   0.728
  9400.0   0.716
  9405.0   0.675
  9410.0   0.665
  9415.0   0.681
  9420.0   0.672
  9425.0   0.610
  9430.0   0.564
  9435.0   0.594
  9440.0   0.564
  9445.0   0.542
  9450.0   0.608
  9455.0   0.619
  9460.0   0.582
  9465.0   0.598
  9470.0   0.636
  9475.0   0.631
  9480.0   0.582
  9485.0   0.602
  9490.0   0.675
  9495.0   0.636
  9500.0   0.583
  9505.0   0.623
  9510.0   0.695
  9515.0   0.686
  9520.0   0.610
  9525.0   0.591
  9530.0   0.635
  9535.0   0.662
  9540.0   0.669
  9545.0   0.659
  9550.0   0.664
  9555.0   0.655
  9560.0   0.644
  9565.0   0.647
  9570.0   0.655
  9575.0   0.703
  9580.0   0.707
  9585.0   0.685
  9590.0   0.666
  9595.0   0.652
  9600.0   0.676
  9605.0   0.696
  9610.0   0.710
  9615.0   0.724
  9620.0   0.708
  9625.0   0.680
  9630.0   0.702
  9635.0   0.724
  9640.0   0.715
  9645.0   0.715
  9650.0   0.726
  9655.0   0.745
  9660.0   0.732
  9665.0   0.706
  9670.0   0.718
  9675.0   0.764
  9680.0   0.779
  9685.0   0.764
  9690.0   0.772
  9695.0   0.781
  9700.0   0.772
  9705.0   0.768
  9710.0   0.775
  9715.0   0.766
  9720.0   0.762
  9725.0   0.759
  9730.0   0.749
  9735.0   0.741
  9740.0   0.737
  9745.0   0.728
  9750.0   0.721
  9755.0   0.721
  9760.0   0.716
  9765.0   0.721
  9770.0   0.736
  9775.0   0.742
  9780.0   0.732
  9785.0   0.726
  9790.0   0.722
  9795.0   0.717
  9800.0   0.717
  9805.0   0.718
  9810.0   0.730
  9815.0   0.731
  9820.0   0.724
  9825.0   0.716
  9830.0   0.711
  9835.0   0.716
  9840.0   0.717
  9845.0   0.710
  9850.0   0.702
  9855.0   0.701
  9860.0   0.702
  9865.0   0.699
  9870.0   0.692
  9875.0   0.688
  9880.0   0.685
  9885.0   0.684
  9890.0   0.680
  9895.0   0.676
  9900.0   0.672
  9905.0   0.669
  9910.0   0.666
  9915.0   0.662
  9920.0   0.657
  9925.0   0.652
  9930.0   0.646
  9935.0   0.630
  9940.0   0.615
  9945.0   0.599
  9950.0   0.583
  9955.0   0.551
  9960.0   0.520
  9965.0   0.489
  9970.0   0.458
  9975.0   0.416
  9980.0   0.375
  9985.0   0.333
  9990.0   0.292
  9995.0   0.257
  10000.0  0.222
  10005.0  0.187
  10010.0  0.152
  10015.0  0.130
  10020.0  0.108
  10025.0  0.086
  10030.0  0.065
  10035.0  0.055
  10040.0  0.045
  10045.0  0.035
  10050.0  0.026
  10055.0  0.022
  10060.0  0.018
  10065.0  0.014
  10070.0  0.010
  10075.0  0.009
  10080.0  0.008
  10085.0  0.007
  10090.0  0.005
  10095.0  0.005
  10100.0  0.004
  10105.0  0.003
  10110.0  0.003
  10115.0  0.002
  10120.0  0.002
  10125.0  0.002
  10130.0  0.001
  10135.0  0.001
  10140.0  0.001
  10145.0  8.9E-4
  10150.0  0.0  
  10155.0  0.0  
  10160.0  0.0  
  10165.0  0.0  
  10170.0  0.0  
  10175.0  0.0  
  10180.0  0.0  
  10185.0  0.0  
  10190.0  0.0  
  10195.0  0.0  
  10200.0  0.0  
  10205.0  0.0  
  10210.0  0.0  
  10215.0  0.0  
  10220.0  0.0  
  10225.0  0.0  
  10230.0  0.0  
  10235.0  0.0  
  10240.0  0.0  
  10245.0  0.0  
  10250.0  0.0  
  10255.0  0.0  
  10260.0  0.0  
  10265.0  0.0  
  10270.0  0.0  
  10275.0  0.0  
  10280.0  0.0  
  10285.0  0.0  
  10290.0  0.0  
  10295.0  0.0  
  10300.0  0.0  
  10305.0  0.0  
  10310.0  0.0  
  10315.0  0.0  
  10320.0  0.0  
  10325.0  0.0  
  10330.0  0.0  
  10335.0  0.0  
  10340.0  0.0  
  10345.0  0.0  
  10350.0  0.0  
  10355.0  0.0  
  10360.0  0.0  
  10365.0  0.0  
  10370.0  0.0  
  10375.0  0.0  
  10380.0  0.0  
  10385.0  0.0  
  10390.0  0.0  
  10395.0  0.0  
  10400.0  0.0  
  10405.0  0.0  
  10410.0  0.0  
  10415.0  0.0  
  10420.0  0.0  
  10425.0  0.0  
  10430.0  0.0  
  10435.0  0.0  
  10440.0  0.0  
  10445.0  0.0  
  10450.0  0.0  
  10455.0  0.0  
  10460.0  0.0  
  10465.0  0.0  
  10470.0  0.0  
  10475.0  0.0  
  10480.0  0.0  
  10485.0  0.0  
  10490.0  0.0  
  10495.0  0.0  
  10500.0  0.0  
  10505.0  0.0  
  10510.0  0.0  
  10515.0  0.0  
  10520.0  0.0  
  10525.0  0.0  
  10530.0  0.0  
  10535.0  0.0  
  10540.0  0.0  
  10545.0  0.0  
  10550.0  0.0  
  10555.0  0.0  
  10560.0  0.0  
  10565.0  0.0  
  10570.0  0.0  
  10575.0  0.0  
  10580.0  0.0  
  10585.0  0.0  
  10590.0  0.0  
  10595.0  0.0  
  10600.0  0.0  
  10605.0  0.0  
  10610.0  0.0  
  10615.0  0.0  
  10620.0  0.0  
  10625.0  0.0  
  10630.0  0.0  
  10635.0  0.0  
  10640.0  0.0  
  10645.0  0.0  
  10650.0  0.0  
  10655.0  0.0  
  10660.0  0.0  
  10665.0  0.0  
  10670.0  0.0  
  10675.0  0.0  
  10680.0  0.0  
  10685.0  0.0  
  10690.0  0.0  
  10695.0  0.0  
  10700.0  0.0  
  10705.0  0.0  
  10710.0  0.0  
  10715.0  0.0  
  10720.0  0.0  
  10725.0  0.0  
  10730.0  0.0  
  10735.0  0.0  
  10740.0  0.0  
  10745.0  0.0  
  10750.0  0.0  
  10755.0  0.0  
  10760.0  0.0  
  10765.0  0.0  
  10770.0  0.0  
  10775.0  0.0  
  10780.0  0.0  
  10785.0  0.0  
  10790.0  0.0  
  10795.0  0.0  
  10800.0  0.0  
  10805.0  0.0  
  10810.0  0.0  
  10815.0  0.0  
  10820.0  0.0  
  10825.0  0.0  
  10830.0  0.0  
  10835.0  0.0  
  10840.0  0.0  
  10845.0  0.0  
  10850.0  0.0  
  10855.0  0.0  
  10860.0  0.0  
  10865.0  0.0  
  10870.0  0.0  
  10875.0  0.0  
  10880.0  0.0  
  10885.0  0.0  
  10890.0  0.0  
  10895.0  0.0  
  10900.0  0.0  
  10905.0  0.0  
  10910.0  0.0  
  10915.0  0.0  
  10920.0  0.0  
  10925.0  0.0  
  10930.0  0.0  
  10935.0  0.0  
  10940.0  0.0  
  10945.0  0.0  
  10950.0  0.0  
  10955.0  0.0  
  10960.0  0.0  
  10965.0  0.0  
  10970.0  0.0  
  10975.0  0.0  
  10980.0  0.0  
  10985.0  0.0  
  10990.0  0.0  
  10995.0  0.0  
  11000.0  0.0  
